   0.185    0.067   -0.000
   0.146    0.027   -0.000
   0.913    0.435    0.017
   0.802    0.351   -0.127
   0.470    0.430    0.122
   0.039    0.669    0.013
   0.250    0.639   -0.157
   0.756    0.972   -0.074
   0.828    0.002   -0.000
   0.343    0.242   -0.039
   0.843    0.520   -0.003
   0.812    0.514   -0.003
   0.822    0.657   -0.052
   0.578    0.168    0.016
   0.985    0.140    0.001
   0.794    0.672   -0.046
   0.176    0.964   -0.052
   0.427    0.454    0.040
   0.168    0.711   -0.000
   0.243    0.170   -0.023
   0.381    0.944    0.016
   0.460    0.506    0.001
   0.604    0.981    0.012
   0.044    0.799    0.035
   0.428    0.758    0.098
   0.460    0.696    0.008
   0.093    0.245    0.015
   0.912    0.096    0.000
   0.296    0.928   -0.168
   0.806    0.689   -0.012
   0.073    0.661    0.021
   0.335    0.643   -0.083
   0.288    0.676   -0.047
   0.441    0.431    0.095
   0.875    0.530   -0.000
   0.266    0.709   -0.000
   0.074    0.364    0.041
   0.956    0.381    0.033
   0.555    0.690    0.017
   0.185    0.150   -0.008
   0.207    0.365   -0.139
   0.199    0.414   -0.090
   0.461    0.011    0.000
   0.267    0.896   -0.073
   0.611    0.820    0.029
   0.190    0.854   -0.008
   0.484    0.658    0.137
   0.058    0.009    0.000
   0.463    0.199    0.051
   0.103    0.419    0.016
   0.901    0.539    0.007
   0.166    0.935   -0.068
   0.702    0.993   -0.006
   0.774    0.648   -0.119
   0.639    0.684   -0.006
   0.861    0.125   -0.001
   0.789    0.161   -0.015
   0.491    0.763    0.182
   0.854    0.279   -0.022
   0.732    0.508   -0.002
   0.460    0.126    0.009
   1.000    0.161    0.000
   0.039    0.988    0.003
   0.015    0.468    0.002
   0.499    0.424    0.149
   0.886    0.663    0.006
   0.997    0.196    0.001
   0.772    0.172   -0.023
   0.995    0.748    0.002
   0.923    0.105    0.001
   0.073    0.542    0.011
   0.848    0.099   -0.001
   0.615    0.250    0.014
   0.817    0.208   -0.027
   0.503    0.506    0.001
   0.263    0.035   -0.000
   0.986    0.464    0.002
   0.597    0.243    0.038
   0.593    0.550    0.035
   0.042    0.075    0.000
   0.901    0.260    0.016
   0.868    0.700   -0.000
   0.520    0.249    0.120
   0.992    0.438    0.003
   0.955    0.795    0.036
   0.293    0.705   -0.000
   0.603    0.397    0.056
   0.708    0.367   -0.176
   0.225    0.117   -0.005
   0.289    0.524   -0.017
   0.741    0.257   -0.104
   0.949    0.143    0.003
   0.465    0.971    0.098
   0.426    0.232    0.058
   0.822    0.060   -0.000
   0.787    0.146   -0.011
   0.862    0.778   -0.018
   0.538    0.304    0.186
   0.120    0.183    0.001
   0.254    0.367   -0.187
   0.925    0.940    0.040
   0.223    0.015   -0.000
   0.681    0.713   -0.002
   0.719    0.297   -0.150
   0.930    0.034    0.000
   0.820    0.949   -0.084
   0.596    0.486    0.003
   0.355    0.350   -0.056
   0.813    0.091   -0.001
   0.225    0.009   -0.000
   0.003    0.917    0.003
   0.808    0.474   -0.011
   0.407    0.050    0.000
   0.826    0.183   -0.014
   0.969    0.290    0.021
   0.505    0.919    0.215
   0.407    0.688    0.010
   0.513    0.541    0.063
   0.598    0.364    0.080
   0.321    0.033   -0.000
   0.722    0.390   -0.167
   0.130    0.686   -0.001
   0.749    0.705   -0.000
   0.056    0.008    0.000
   0.794    0.382   -0.129
   0.672    0.864   -0.000
   0.831    0.648   -0.052
   0.767    0.868   -0.000
   0.124    0.876    0.000
   0.337    0.179   -0.016
   0.918    0.977    0.011
   0.651    0.647   -0.053
   0.648    0.664   -0.030
   0.683    0.504   -0.000
   0.126    0.627   -0.002
   0.636    0.395   -0.027
   0.983    0.740    0.005
   0.333    0.887   -0.021
   0.049    0.284    0.027
   0.617    0.679    0.005
   0.779    0.864   -0.000
   0.041    0.004    0.000
   0.313    0.721   -0.009
   0.429    0.633    0.138
   0.493    0.345    0.248
   0.527    0.595    0.220
   0.126    0.443   -0.001
   0.590    0.264    0.060
   0.664    0.522   -0.008
   0.008    0.815    0.006
   0.062    0.378    0.039
   0.025    0.184    0.004
   0.764    0.688   -0.020
   0.607    0.153    0.005
   0.933    0.151    0.003
   0.104    0.376    0.023
   0.995    0.316    0.004
   0.230    0.479   -0.012
   0.875    0.876   -0.000
   0.110    0.648    0.013
   0.694    0.085   -0.001
   0.317    0.515   -0.005
   0.401    0.261    0.043
   0.234    0.682   -0.031
   0.700    0.647   -0.123
   0.153    0.674   -0.013
   0.604    0.120    0.002
   0.885    0.112    0.000
   0.695    0.803   -0.153
   0.188    0.441   -0.045
   0.894    0.793    0.023
   0.307    0.769   -0.134
   0.854    0.385   -0.029
   0.025    0.009    0.000
   0.181    0.606   -0.096
   0.154    0.815   -0.036
   0.504    0.776    0.229
   0.959    0.523    0.003
   0.581    0.252    0.065
   0.250    0.963   -0.116
   0.118    0.034    0.000
   0.611    0.763    0.031
   0.727    0.795   -0.189
   0.643    0.510   -0.001
   0.242    0.531   -0.027
   0.249    0.327   -0.178
   0.685    0.463   -0.027
   0.191    0.608   -0.113
   0.584    0.674    0.035
   0.948    0.902    0.020
   0.167    0.261   -0.041
   0.807    0.681   -0.024
   0.332    0.914   -0.088
   0.950    0.907    0.024
   0.115    0.259    0.007
   0.832    0.252   -0.037
   0.598    0.422    0.049
   0.187    0.130   -0.005
   0.809    0.449   -0.037
   0.002    0.905    0.001
   0.824    0.408   -0.066
   0.198    0.259   -0.071
   0.438    0.947    0.164
   0.534    0.145    0.016
   0.072    0.712    0.000
   0.722    0.538   -0.043
   0.489    0.144    0.016
   0.628    0.644   -0.008
   0.757    0.739   -0.055
   0.200    0.210   -0.036
   0.784    0.888   -0.033
   0.537    0.511    0.004
   0.857    0.734   -0.006
   0.776    0.822   -0.108
   0.400    0.258    0.042
   0.636    0.234   -0.013
   0.754    0.635   -0.162
   0.372    0.619   -0.008
   0.052    0.941    0.039
   0.682    0.352   -0.142
   0.520    0.959    0.173
   0.466    0.867    0.000
   0.764    0.479   -0.012
   0.591    0.087    0.001
   0.375    0.320    0.001
   0.212    0.191   -0.029
   0.639    0.605   -0.041
   0.493    0.588    0.216
   0.532    0.222    0.077
   0.601    0.898    0.031
   0.159    0.502   -0.000
   0.388    0.467    0.006
   0.769    0.212   -0.049
   0.289    0.849   -0.023
   0.036    0.798    0.031
   0.312    0.152   -0.013
   0.070    0.865    0.000
   0.718    0.077   -0.001
   0.731    0.775   -0.174
   0.767    0.019   -0.000
   0.103    0.099    0.000
   0.854    0.460   -0.007
   0.484    0.018    0.000
   0.567    0.036    0.000
   0.416    0.894    0.040
   0.878    0.735    0.001
   0.678    0.816   -0.102
   0.803    0.875   -0.005
   0.001    0.147    0.000
   0.455    0.907    0.132
   0.236    0.208   -0.047
   0.010    0.017    0.000
   0.601    0.120    0.002
   0.728    0.982   -0.037
   0.718    0.505   -0.001
   0.204    0.776   -0.125
   0.447    0.691    0.015
   0.111    0.404    0.014
   0.292    0.285   -0.130
   0.976    0.191    0.004
   0.149    0.522   -0.003
   0.477    0.775    0.218
   0.012    0.334    0.012
   0.749    0.149   -0.014
   0.651    0.268   -0.044
   0.601    0.429    0.039
   0.917    0.878    0.003
   0.861    0.373   -0.020
   0.135    0.756   -0.009
   0.156    0.462   -0.010
   0.087    0.649    0.026
   0.598    0.511    0.002
   0.545    0.026    0.000
   0.269    0.466   -0.031
   0.612    0.962    0.025
   0.288    0.309   -0.159
   0.166    0.713   -0.001
   0.792    0.457   -0.034
   0.680    0.829   -0.071
   0.043    0.706    0.000
   0.406    0.631    0.083
   0.812    0.708   -0.000
   0.102    0.187    0.005
   0.785    0.081   -0.001
   0.297    0.641   -0.140
   0.200    0.742   -0.045
   0.662    0.065   -0.000
   0.391    0.091    0.001
   0.683    0.150   -0.011
   0.762    0.118   -0.006
   0.289    0.817   -0.134
   0.877    0.479    0.000
   0.297    0.614   -0.173
   0.212    0.422   -0.091
   0.090    0.648    0.025
   0.626    0.368   -0.002
   0.061    0.433    0.021
   0.180    0.917   -0.077
   0.604    0.896    0.023
   0.369    0.671   -0.006
   0.193    0.302   -0.097
   0.723    0.259   -0.105
   0.350    0.910   -0.048
   0.268    0.008   -0.000
   0.776    0.851   -0.017
   0.554    0.133    0.009
   0.794    0.965   -0.081
   0.536    0.483    0.009
   0.544    0.972    0.086
   0.399    0.517    0.004
   0.533    0.797    0.224
   0.638    0.583   -0.030
   0.160    0.476   -0.005
   0.058    0.797    0.040
   0.904    0.838    0.010
   0.126    0.117   -0.000
   0.030    0.838    0.009
   0.694    0.290   -0.123
   0.691    0.478   -0.012
   0.708    0.504   -0.000
   0.260    0.038   -0.000
   0.469    0.104    0.004
   0.739    0.974   -0.068
   0.037    0.764    0.024
   0.580    0.954    0.107
   0.797    0.758   -0.086
   0.833    0.701   -0.001
   0.584    0.334    0.115
   0.528    0.332    0.226
   0.097    0.002    0.000
   0.625    0.429   -0.001
   0.202    0.255   -0.071
   0.575    0.400    0.118
   0.821    0.594   -0.085
   0.751    0.951   -0.162
   0.371    0.645   -0.009
   0.101    0.071    0.000
   0.747    0.320   -0.174
   0.724    0.598   -0.180
   0.840    0.451   -0.017
   0.804    0.802   -0.116
   0.107    0.428    0.012
   0.555    0.663    0.090
   0.810    0.108   -0.002
   0.065    0.407    0.031
   0.163    0.374   -0.061
   0.473    0.485    0.008
   0.877    0.006    0.000
   0.310    0.221   -0.052
   0.649    0.834   -0.027
   0.776    0.153   -0.014
   0.399    0.316    0.066
   0.475    0.454    0.065
   0.840    0.583   -0.047
   0.194    0.771   -0.102
   0.514    0.595    0.229
   0.379    0.465    0.002
   0.797    0.289   -0.101
   0.422    0.695    0.006
   0.557    0.356    0.185
   0.018    0.523    0.002
   0.330    0.855   -0.006
   0.417    0.559    0.060
   0.794    0.598   -0.132
   0.303    0.534   -0.030
   0.135    0.097   -0.000
   0.217    0.483   -0.006
   0.638    0.002   -0.000
   0.703    0.485   -0.006
   0.188    0.013   -0.000
   0.196    0.528   -0.015
   0.563    0.572    0.118
   0.421    0.683    0.023
   0.078    0.069    0.000
   0.127    0.399   -0.003
   0.117    0.351    0.011
   0.956    0.998    0.000
   0.838    0.529   -0.008
   0.925    0.091    0.000
   0.078    0.016    0.000
   0.745    0.950   -0.169
   0.331    0.270   -0.072
   0.365    0.871   -0.000
   0.507    0.416    0.168
   0.154    0.172   -0.006
   0.336    0.216   -0.032
   0.127    0.657   -0.002
   0.278    0.298   -0.152
   0.554    0.668    0.075
   0.842    0.443   -0.021
   0.995    0.555    0.002
   0.536    0.631    0.205
   0.535    0.647    0.162
   0.435    0.062    0.000
   0.500    0.048    0.000
   0.251    0.878   -0.012
   0.725    0.849   -0.024
   0.155    0.008   -0.000
   0.597    0.871    0.001
   0.501    0.745    0.101
   0.157    0.822   -0.034
   0.331    0.600   -0.112
   0.110    0.195    0.004
   0.385    0.782    0.030
   0.109    0.638    0.017
   0.869    0.189   -0.002
   0.786    0.893   -0.047
   0.228    0.756   -0.105
   0.178    0.970   -0.040
   0.245    0.802   -0.174
   0.176    0.776   -0.081
   0.465    0.272    0.144
   0.841    0.448   -0.019
   0.700    0.083   -0.001
   0.574    0.593    0.134
   0.286    0.339   -0.181
   0.661    0.652   -0.063
   0.915    0.797    0.037
   0.946    0.397    0.033
   0.476    0.509    0.003
   0.565    0.355    0.169
   0.349    0.085   -0.001
   0.765    0.614   -0.177
   0.043    0.391    0.031
   0.965    0.733    0.006
   0.080    0.150    0.003
   0.793    0.694   -0.008
   0.968    0.499    0.000
   0.032    0.591    0.026
   0.721    0.490   -0.003
   0.817    0.266   -0.060
   0.625    0.993   -0.000
   0.045    0.766    0.029
   0.729    0.656   -0.114
   0.511    0.055    0.000
   0.669    0.671   -0.039
   0.688    0.694   -0.008
   0.001    0.326    0.001
   0.856    0.143   -0.002
   0.014    0.613    0.013
   0.250    0.015   -0.000
   0.055    0.674    0.012
   0.118    0.775    0.009
   0.338    0.334   -0.097
   0.046    0.839    0.011
   0.470    0.455    0.062
   0.328    0.549   -0.045
   0.945    0.685    0.006
   0.101    0.702    0.000
   0.229    0.855   -0.009
   0.400    0.378    0.072
   0.062    0.527    0.005
   0.251    0.151   -0.015
   0.143    0.599   -0.026
   0.834    0.782   -0.066
   0.431    0.002    0.000
   0.978    0.879    0.002
   0.264    0.802   -0.182
   0.371    0.353   -0.013
   0.060    0.176    0.006
   0.347    0.031   -0.000
   0.173    0.891   -0.021
   0.550    0.515    0.007
   0.178    0.944   -0.086
   0.454    0.127    0.008
   0.531    0.377    0.220
   0.689    0.469   -0.020
   0.383    0.732    0.004
   0.588    0.741    0.037
   0.958    0.158    0.003
   0.854    0.115   -0.001
   0.271    0.896   -0.072
   0.772    0.292   -0.131
   0.211    0.941   -0.145
   0.877    0.224    0.001
   0.340    0.956   -0.074
   0.594    0.048    0.000
   0.368    0.710   -0.000
   0.445    0.903    0.101
   0.894    0.088    0.000
   0.811    0.140   -0.007
   0.189    0.586   -0.093
   0.990    0.269    0.006
   0.190    0.669   -0.043
   0.536    0.971    0.096
   0.929    0.545    0.013
   0.875    0.734    0.000
   0.992    0.733    0.002
   0.959    0.098    0.000
   0.863    0.527   -0.002
   0.700    0.065   -0.000
   0.474    0.543    0.068
   0.192    0.072   -0.001
   0.533    0.391    0.201
   0.630    0.699   -0.000
   0.432    0.564    0.093
   0.582    0.700    0.002
   0.447    0.644    0.150
   0.235    0.849   -0.023
   0.240    0.582   -0.145
   0.240    0.278   -0.123
   0.762    0.773   -0.159
   0.833    0.804   -0.065
   0.696    0.150   -0.013
   0.184    0.575   -0.073
   0.966    0.360    0.030
   0.697    0.426   -0.096
   0.455    0.976    0.066
   0.778    0.931   -0.161
   0.013    0.947    0.011
   0.915    0.831    0.018
   0.031    0.232    0.011
   0.890    0.370    0.018
   0.406    0.074    0.000
   0.049    0.191    0.007
   0.691    0.738   -0.045
   0.169    0.048   -0.000
   0.396    0.602    0.061
   0.198    0.524   -0.012
   0.828    0.365   -0.078
   0.651    0.562   -0.039
   0.949    0.281    0.027
   0.061    0.446    0.015
   0.805    0.114   -0.003
   0.221    0.414   -0.113
   0.134    0.197   -0.003
   0.168    0.165   -0.008
   0.724    0.959   -0.134
   0.705    0.104   -0.003
   0.672    0.027   -0.000
   0.683    0.785   -0.143
   0.434    0.768    0.137
   0.593    0.855    0.005
   0.189    0.123   -0.004
   0.122    0.817    0.003
   0.233    0.691   -0.013
   0.510    0.955    0.197
   0.307    0.212   -0.046
   0.164    0.387   -0.059
   0.794    0.427   -0.078
   0.125    0.771    0.000
   0.783    0.244   -0.072
   0.706    0.648   -0.126
   0.644    0.176   -0.008
   0.918    0.311    0.034
   0.326    0.688   -0.013
   0.468    0.902    0.120
   0.213    0.631   -0.137
   0.477    0.909    0.158
   0.593    0.575    0.068
   0.248    0.127   -0.008
   0.245    0.412   -0.132
   0.263    0.149   -0.014
   0.943    0.923    0.037
   0.544    0.193    0.043
   0.691    0.201   -0.037
   0.299    0.761   -0.121
   0.430    0.867    0.000
   0.915    0.803    0.035
   0.149    0.283   -0.027
   0.476    0.241    0.106
   0.753    0.787   -0.185
   0.535    0.937    0.224
   0.798    0.290   -0.101
   0.304    0.641   -0.134
   0.949    0.768    0.032
   0.650    0.416   -0.047
   0.080    0.009    0.000
   0.700    0.744   -0.066
   0.169    0.248   -0.036
   0.360    0.405   -0.034
   0.695    0.123   -0.006
   0.913    0.538    0.008
   0.789    0.404   -0.116
   0.618    0.225    0.007
   0.396    0.412    0.044
   0.505    0.349    0.249
   0.894    0.672    0.007
   0.158    0.545   -0.017
   0.442    0.558    0.088
   0.308    0.737   -0.043
   0.094    0.675    0.009
   0.564    0.121    0.006
   0.904    0.827    0.017
   0.082    0.369    0.038
   0.522    0.683    0.039
   0.729    0.799   -0.185
   0.738    0.057   -0.000
   0.115    0.859    0.000
   0.704    0.033   -0.000
   0.157    0.457   -0.013
   0.906    0.290    0.025
   0.987    0.704    0.000
   0.121    0.032    0.000
   0.496    0.189    0.047
   0.552    0.001    0.000
   0.338    0.812   -0.083
   0.277    0.985   -0.027
   0.471    0.396    0.198
   0.563    0.358    0.173
   0.563    0.101    0.003
   0.264    0.123   -0.007
   0.612    0.131    0.002
   0.872    0.949   -0.004
   0.831    0.425   -0.044
   0.195    0.190   -0.023
   0.468    0.121    0.008
   0.940    0.192    0.008
   0.179    0.569   -0.058
   0.557    0.027    0.000
   0.520    0.797    0.238
   0.024    0.830    0.011
   0.431    0.600    0.152
   0.875    0.221   -0.000
   0.387    0.246    0.017
   0.770    0.908   -0.110
   0.337    0.048   -0.000
   0.742    0.274   -0.125
   0.116    0.909    0.007
   0.914    0.702    0.000
   0.689    0.600   -0.149
   0.818    0.628   -0.092
   0.521    0.577    0.180
   0.286    0.533   -0.031
   0.089    0.939    0.035
   0.627    0.081   -0.000
   0.208    0.056   -0.000
   0.603    0.517    0.003
   0.734    0.672   -0.061
   0.608    0.036    0.000
   0.638    0.678   -0.009
   0.841    0.347   -0.055
   0.031    0.093    0.000
   0.034    0.838    0.010
   0.461    0.573    0.151
   0.863    0.359   -0.018
   0.467    0.441    0.094
   0.523    0.133    0.012
   0.114    0.527    0.002
   0.522    0.271    0.153
   0.576    0.078    0.001
   0.122    0.040    0.000
   0.650    0.879   -0.006
   0.945    0.868    0.000
   0.088    0.618    0.036
   0.964    0.587    0.027
   0.842    0.414   -0.037
   0.032    0.311    0.025
   0.425    0.671    0.048
   0.606    0.927    0.055
   0.794    0.708   -0.000
   0.762    0.293   -0.139
   0.682    0.572   -0.097
   0.264    0.624   -0.185
   0.345    0.110   -0.002
   0.086    0.383    0.034
   0.717    0.267   -0.113
   0.342    0.167   -0.011
   0.225    0.177   -0.024
   0.182    0.981   -0.021
   0.285    0.214   -0.055
   0.598    0.160    0.008
   0.744    0.402   -0.152
   0.995    0.605    0.005
   0.068    0.319    0.038
   0.766    0.254   -0.093
   0.955    0.615    0.036
   0.254    0.634   -0.168
   0.839    0.212   -0.017
   0.863    0.269   -0.011
   0.955    0.049    0.000
   0.414    0.418    0.074
   0.493    0.704    0.001
   0.007    0.054    0.000
   0.007    0.648    0.005
   0.348    0.834   -0.030
   0.531    0.032    0.000
   0.770    0.014   -0.000
   0.797    0.756   -0.082
   0.506    0.817    0.187
   0.714    0.201   -0.044
   0.554    0.457    0.047
   0.888    0.185    0.003
   0.671    0.190   -0.023
   0.259    0.122   -0.007
   0.071    0.462    0.008
   0.360    0.951   -0.038
   0.018    0.823    0.011
   0.514    0.140    0.015
   0.425    0.569    0.092
   0.866    0.931   -0.014
   0.194    0.321   -0.110
   0.903    0.245    0.014
   0.008    0.628    0.008
   0.105    0.844    0.005
   0.515    0.907    0.154
   0.419    0.552    0.052
   0.947    0.860    0.001
   0.206    0.479   -0.009
   0.251    0.614   -0.188
   0.532    0.074    0.001
   0.138    0.655   -0.012
   0.638    0.840   -0.010
   0.804    0.308   -0.106
   0.907    0.717    0.001
   0.663    0.642   -0.082
   0.602    0.480    0.004
   0.142    0.531   -0.004
   0.555    0.781    0.184
   0.458    0.871    0.003
   0.018    0.268    0.011
   0.487    0.653    0.157
   0.622    0.599    0.008
   0.263    0.350   -0.191
   0.225    0.339   -0.163
   0.811    0.333   -0.107
   0.698    0.515   -0.006
   0.260    0.790   -0.191
   0.840    0.015   -0.000
   0.840    0.954   -0.048
   0.077    0.246    0.019
   0.055    0.928    0.039
   0.913    0.056    0.000
   0.063    0.985    0.006
   0.844    0.149   -0.004
   0.690    0.057   -0.000
   0.066    0.557    0.019
   0.647    0.705   -0.000
   0.734    0.927   -0.183
   0.226    0.989   -0.011
   0.958    0.275    0.023
   0.701    0.907   -0.109
   0.618    0.044    0.000
   0.051    0.334    0.038
   0.915    0.277    0.025
   0.647    0.910   -0.043
   0.082    0.749    0.019
   0.822    0.812   -0.074
   0.339    0.507   -0.001
   0.088    0.828    0.019
   0.655    0.752   -0.046
   0.301    0.458   -0.039
   0.005    0.282    0.004
   0.627    0.725   -0.001
   0.540    0.062    0.001
   0.469    0.422    0.141
   0.346    0.894   -0.028
   0.097    0.662    0.015
   0.588    0.629    0.102
   0.739    0.659   -0.103
   0.556    0.397    0.159
   0.721    0.535   -0.035
   0.425    0.763    0.106
   0.138    0.523   -0.002
   0.538    0.619    0.218
   0.694    0.254   -0.085
   0.966    0.212    0.009
   0.339    0.364   -0.097
   0.265    0.150   -0.015
   0.994    0.665    0.003
   0.529    0.998    0.001
   0.710    0.573   -0.125
   0.874    0.690   -0.000
   0.123    0.620    0.003
   0.124    0.108    0.000
   0.705    0.204   -0.044
   0.182    0.927   -0.094
   0.700    0.462   -0.033
   0.425    0.343    0.142
   0.508    0.435    0.119
   0.885    0.147    0.001
   0.824    0.596   -0.081
   0.677    0.598   -0.126
   0.155    0.236   -0.020
   0.861    0.698   -0.001
   0.488    0.300    0.202
   0.187    0.276   -0.071
   0.781    0.704   -0.000
   0.346    0.724   -0.007
   0.005    0.716    0.000
   0.052    0.925    0.037
   0.659    0.953   -0.078
   0.447    0.154    0.017
   0.377    0.218    0.002
   0.079    0.542    0.011
   0.916    0.555    0.017
   0.457    0.551    0.084
   0.520    0.395    0.206
   0.683    0.630   -0.133
   0.421    0.137    0.007
   0.176    0.534   -0.016
   0.399    0.899    0.031
   0.609    0.099    0.001
   0.489    0.412    0.178
   0.208    0.389   -0.128
   0.201    0.227   -0.048
   0.202    0.947   -0.123
   0.309    0.322   -0.147
   0.451    0.405    0.157
   0.948    0.117    0.001
   0.663    0.346   -0.102
   0.183    0.173   -0.013
   0.588    0.824    0.067
   0.860    0.012   -0.000
   0.888    0.763    0.012
   0.315    0.933   -0.147
   0.954    0.433    0.019
   0.287    0.903   -0.098
   0.885    0.772    0.011
   0.826    0.447   -0.028
   0.453    0.948    0.187
   0.322    0.244   -0.062
   0.085    0.999    0.000
   0.099    0.045    0.000
   0.457    0.225    0.075
   0.565    0.099    0.003
   0.865    0.750   -0.007
   0.145    0.472   -0.003
   0.188    0.071   -0.000
   0.686    0.387   -0.135
   0.490    0.505    0.001
   0.981    0.260    0.010
   0.436    0.081    0.001
   0.663    0.187   -0.018
   0.101    0.990    0.002
   0.351    0.610   -0.067
   0.293    0.828   -0.095
   0.807    0.010   -0.000
   0.051    0.800    0.037
   0.490    0.582    0.200
   0.822    0.207   -0.023
   0.915    0.462    0.007
   0.445    0.048    0.000
   0.212    0.899   -0.067
   0.611    0.450    0.013
   0.731    0.139   -0.011
   0.561    0.820    0.121
   0.076    0.785    0.040
   0.761    0.903   -0.095
   0.796    0.579   -0.105
   0.761    0.698   -0.005
   0.057    0.396    0.034
   0.852    0.817   -0.027
   0.272    0.575   -0.138
   0.022    0.313    0.018
   0.262    0.727   -0.023
   0.197    0.780   -0.118
   0.968    0.935    0.029
   0.288    0.321   -0.169
   0.779    0.778   -0.151
   0.686    0.150   -0.012
   0.906    0.301    0.026
   0.880    0.371    0.006
   0.379    1.000    0.000
   0.310    0.587   -0.135
   0.861    0.384   -0.019
   0.349    0.858   -0.002
   0.145    0.616   -0.031
   0.353    0.667   -0.026
   0.213    0.692   -0.010
   0.233    0.569   -0.111
   0.272    0.097   -0.003
   0.955    0.253    0.019
   0.054    0.081    0.000
   0.011    0.406    0.008
   0.789    0.679   -0.032
   0.862    0.890   -0.005
   0.360    0.109   -0.001
   0.660    0.131   -0.004
   0.323    0.225   -0.046
   0.101    0.290    0.020
   0.211    0.144   -0.010
   0.336    0.919   -0.090
   0.792    0.185   -0.024
   0.091    0.254    0.018
   0.693    0.919   -0.138
   0.799    0.222   -0.044
   0.427    0.182    0.025
   0.974    0.946    0.023
   0.075    0.037    0.000
   0.362    0.525   -0.004
   0.210    0.885   -0.025
   0.486    0.535    0.046
   0.980    0.630    0.017
   0.444    0.219    0.061
   0.672    0.610   -0.124
   0.357    0.892   -0.015
   0.533    0.314    0.204
   0.560    0.159    0.018
   0.498    0.706    0.000
   0.904    0.741    0.010
   0.362    0.714   -0.001
   0.011    0.048    0.000
   0.621    0.230    0.004
   0.743    0.914   -0.148
   0.670    0.095   -0.002
   0.162    0.365   -0.060
   0.653    0.269   -0.049
   0.172    0.215   -0.024
   0.129    0.790   -0.005
   0.047    0.276    0.025
   0.476    0.859    0.005
   0.182    0.032   -0.000
   0.793    0.534   -0.026
   0.918    0.547    0.013
   0.523    0.621    0.235
   0.417    0.703    0.001
   0.394    0.904    0.032
   0.931    0.792    0.042
   0.647    0.467   -0.010
   0.849    0.708   -0.000
   0.169    0.725   -0.008
   0.405    0.908    0.057
   0.373    0.270   -0.003
   0.246    0.586   -0.157
   0.219    0.829   -0.080
   0.018    0.602    0.016
   0.965    0.633    0.027
   0.807    0.933   -0.117
   0.845    0.669   -0.018
   0.266    0.769   -0.160
   0.364    0.234   -0.013
   0.740    0.954   -0.157
   0.051    0.356    0.039
   0.358    0.058   -0.000
   0.704    0.311   -0.153
   0.517    0.697    0.008
   0.038    0.282    0.023
   0.579    0.378    0.126
   0.923    0.774    0.036
   0.647    0.727   -0.008
   0.420    0.429    0.072
   0.150    0.393   -0.035
   0.015    0.122    0.000
   0.800    0.578   -0.098
   0.588    0.364    0.106
   0.704    0.876   -0.008
   0.740    0.218   -0.061
   0.938    0.315    0.037
   0.368    0.294   -0.016
   0.432    0.755    0.094
   0.095    0.110    0.001
   0.567    0.012    0.000
   0.296    0.055   -0.000
   0.149    0.317   -0.035
   0.569    0.920    0.141
   0.808    0.558   -0.056
   0.176    0.478   -0.006
   0.699    0.966   -0.093
   0.109    0.756    0.012
   0.846    0.194   -0.010
   0.391    0.555    0.020
   0.002    0.409    0.001
   0.725    0.833   -0.078
   0.418    0.528    0.015
   0.414    0.051    0.000
   0.914    0.934    0.037
   0.546    0.405    0.162
   0.133    0.440   -0.005
   0.659    0.570   -0.060
   0.482    0.567    0.150
   0.523    0.672    0.080
   0.078    0.092    0.000
   0.931    0.071    0.000
   0.773    0.554   -0.072
   0.940    0.488    0.001
   0.957    0.332    0.034
   0.154    0.992   -0.002
   0.106    0.540    0.006
   0.641    0.166   -0.005
   0.360    0.467   -0.007
   0.200    0.906   -0.077
   0.779    0.109   -0.004
   0.996    0.086    0.000
   0.339    0.586   -0.083
   0.913    0.734    0.008
   0.594    0.936    0.092
   0.928    0.640    0.034
   0.730    0.860   -0.003
   0.868    0.790   -0.011
   0.020    0.643    0.015
   0.079    0.153    0.003
   0.496    0.566    0.150
   0.759    0.750   -0.092
   0.689    0.486   -0.004
   0.263    0.016   -0.000
   0.706    0.861   -0.002
   0.984    0.244    0.007
   0.822    0.831   -0.042
   0.513    0.514    0.008
   0.664    0.385   -0.096
   0.750    0.953   -0.156
   0.816    0.278   -0.069
   0.055    0.076    0.000
   0.818    0.806   -0.087
   0.126    0.239   -0.001
   0.157    0.533   -0.009
   0.451    0.162    0.021
   0.016    0.757    0.010
   0.729    0.431   -0.099
