    10.000      1.167
    10.012      1.166
    10.025      1.165
    10.037      1.165
    10.050      1.164
    10.062      1.163
    10.075      1.162
    10.088      1.162
    10.100      1.161
    10.113      1.160
    10.125      1.159
    10.137      1.159
    10.150      1.158
    10.162      1.157
    10.175      1.156
    10.188      1.157
    10.200      1.157
    10.213      1.158
    10.225      1.158
    10.238      1.159
    10.250      1.159
    10.262      1.160
    10.275      1.161
    10.287      1.161
    10.300      1.162
    10.312      1.162
    10.325      1.163
    10.338      1.163
    10.350      1.164
    10.363      1.165
    10.375      1.165
    10.387      1.166
    10.400      1.166
    10.412      1.167
    10.425      1.167
    10.438      1.168
    10.450      1.169
    10.463      1.169
    10.475      1.170
    10.488      1.170
    10.500      1.170
    10.512      1.170
    10.525      1.170
    10.537      1.170
    10.550      1.170
    10.562      1.170
    10.575      1.170
    10.588      1.170
    10.600      1.170
    10.613      1.170
    10.625      1.170
    10.637      1.170
    10.650      1.170
    10.662      1.170
    10.675      1.170
    10.688      1.169
    10.700      1.168
    10.713      1.166
    10.725      1.165
    10.738      1.164
    10.750      1.163
    10.762      1.161
    10.775      1.160
    10.787      1.159
    10.800      1.157
    10.812      1.156
    10.825      1.155
    10.838      1.155
    10.850      1.154
    10.863      1.153
    10.875      1.153
    10.887      1.152
    10.900      1.151
    10.912      1.150
    10.925      1.150
    10.938      1.149
    10.950      1.148
    10.963      1.147
    10.975      1.147
    10.988      1.147
    11.000      1.147
    11.012      1.147
    11.025      1.147
    11.037      1.147
    11.050      1.147
    11.062      1.147
    11.075      1.147
    11.088      1.147
    11.100      1.148
    11.113      1.149
    11.125      1.150
    11.137      1.151
    11.150      1.152
    11.162      1.153
    11.175      1.154
    11.188      1.155
    11.200      1.156
    11.213      1.157
    11.225      1.158
    11.238      1.159
    11.250      1.160
    11.262      1.161
    11.275      1.162
    11.287      1.163
    11.300      1.165
    11.312      1.166
    11.325      1.167
    11.338      1.168
    11.350      1.169
    11.363      1.171
    11.375      1.172
    11.387      1.173
    11.400      1.175
    11.412      1.176
    11.425      1.177
    11.438      1.178
    11.450      1.179
    11.463      1.179
    11.475      1.179
    11.488      1.179
    11.500      1.179
    11.512      1.179
    11.525      1.178
    11.537      1.178
    11.550      1.178
    11.562      1.178
    11.575      1.178
    11.588      1.177
    11.600      1.177
    11.613      1.177
    11.625      1.177
    11.637      1.177
    11.650      1.176
    11.662      1.176
    11.675      1.176
    11.688      1.176
    11.700      1.176
    11.713      1.175
    11.725      1.175
    11.738      1.175
    11.750      1.175
    11.762      1.173
    11.775      1.172
    11.787      1.171
    11.800      1.169
    11.812      1.168
    11.825      1.167
    11.838      1.165
    11.850      1.164
    11.863      1.163
    11.875      1.161
    11.887      1.160
    11.900      1.159
    11.912      1.157
    11.925      1.156
    11.938      1.155
    11.950      1.154
    11.963      1.153
    11.975      1.152
    11.988      1.151
    12.000      1.150
    12.012      1.149
    12.025      1.147
    12.037      1.146
    12.050      1.145
    12.062      1.144
    12.075      1.143
    12.088      1.142
    12.100      1.142
    12.113      1.143
    12.125      1.143
    12.137      1.143
    12.150      1.144
    12.162      1.144
    12.175      1.145
    12.188      1.145
    12.200      1.145
    12.213      1.146
    12.225      1.146
    12.238      1.146
    12.250      1.147
    12.262      1.147
    12.275      1.148
    12.287      1.149
    12.300      1.149
    12.312      1.150
    12.325      1.151
    12.338      1.151
    12.350      1.152
    12.363      1.153
    12.375      1.153
    12.387      1.154
    12.400      1.155
    12.412      1.155
    12.425      1.156
    12.438      1.157
    12.450      1.158
    12.463      1.159
    12.475      1.161
    12.488      1.162
    12.500      1.163
    12.512      1.164
    12.525      1.165
    12.537      1.166
    12.550      1.167
    12.562      1.168
    12.575      1.169
    12.588      1.170
    12.600      1.171
    12.613      1.173
    12.625      1.174
    12.637      1.175
    12.650      1.176
    12.662      1.176
    12.675      1.177
    12.688      1.178
    12.700      1.178
    12.713      1.179
    12.725      1.180
    12.738      1.181
    12.750      1.181
    12.762      1.182
    12.775      1.183
    12.787      1.183
    12.800      1.184
    12.812      1.183
    12.825      1.182
    12.838      1.181
    12.850      1.180
    12.863      1.179
    12.875      1.177
    12.887      1.176
    12.900      1.175
    12.912      1.174
    12.925      1.173
    12.938      1.172
    12.950      1.171
    12.963      1.169
    12.975      1.168
    12.988      1.167
    13.000      1.166
    13.012      1.165
    13.025      1.164
    13.037      1.163
    13.050      1.162
    13.062      1.161
    13.075      1.159
    13.088      1.158
    13.100      1.157
    13.113      1.156
    13.125      1.155
    13.137      1.154
    13.150      1.153
    13.162      1.151
    13.175      1.151
    13.188      1.151
    13.200      1.151
    13.213      1.151
    13.225      1.151
    13.238      1.151
    13.250      1.151
    13.262      1.151
    13.275      1.151
    13.287      1.151
    13.300      1.151
    13.312      1.151
    13.325      1.151
    13.338      1.151
    13.350      1.151
    13.363      1.151
    13.375      1.151
    13.387      1.151
    13.400      1.151
    13.412      1.151
    13.425      1.151
    13.438      1.151
    13.450      1.152
    13.463      1.153
    13.475      1.153
    13.488      1.153
    13.500      1.154
    13.512      1.155
    13.525      1.155
    13.537      1.156
    13.550      1.156
    13.562      1.157
    13.575      1.157
    13.588      1.158
    13.600      1.158
    13.613      1.159
    13.625      1.159
    13.637      1.160
    13.650      1.160
    13.662      1.161
    13.675      1.160
    13.688      1.159
    13.700      1.159
    13.713      1.158
    13.725      1.157
    13.738      1.157
    13.750      1.156
    13.762      1.155
    13.775      1.155
    13.787      1.154
    13.800      1.153
    13.812      1.153
    13.825      1.152
    13.838      1.151
    13.850      1.151
    13.863      1.151
    13.875      1.150
    13.887      1.150
    13.900      1.149
    13.912      1.149
    13.925      1.149
    13.938      1.148
    13.950      1.148
    13.963      1.147
    13.975      1.147
    13.988      1.146
    14.000      1.146
    14.012      1.145
    14.025      1.145
    14.037      1.145
    14.050      1.144
    14.062      1.144
    14.075      1.143
    14.088      1.143
    14.100      1.143
    14.113      1.142
    14.125      1.141
    14.137      1.140
    14.150      1.139
    14.162      1.137
    14.175      1.136
    14.188      1.135
    14.200      1.134
    14.213      1.133
    14.225      1.131
    14.238      1.130
    14.250      1.129
    14.262      1.128
    14.275      1.127
    14.287      1.126
    14.300      1.125
    14.312      1.123
    14.325      1.122
    14.338      1.121
    14.350      1.120
    14.363      1.119
    14.375      1.117
    14.387      1.116
    14.400      1.115
    14.412      1.114
    14.425      1.114
    14.438      1.113
    14.450      1.113
    14.463      1.113
    14.475      1.112
    14.488      1.112
    14.500      1.112
    14.512      1.111
    14.525      1.111
    14.537      1.111
    14.550      1.111
    14.562      1.110
    14.575      1.110
    14.588      1.110
    14.600      1.109
    14.613      1.109
    14.625      1.110
    14.637      1.110
    14.650      1.110
    14.662      1.111
    14.675      1.111
    14.688      1.111
    14.700      1.111
    14.713      1.111
    14.725      1.112
    14.738      1.112
    14.750      1.112
    14.762      1.112
    14.775      1.113
    14.787      1.113
    14.800      1.113
    14.812      1.113
    14.825      1.113
    14.838      1.114
    14.850      1.114
    14.863      1.114
    14.875      1.114
    14.887      1.114
    14.900      1.114
    14.912      1.114
    14.925      1.114
    14.938      1.114
    14.950      1.114
    14.963      1.114
    14.975      1.114
    14.988      1.114
    15.000      1.114
    15.012      1.114
    15.025      1.114
    15.037      1.114
    15.050      1.114
    15.062      1.114
    15.075      1.114
    15.088      1.114
    15.100      1.119
    15.113      1.117
    15.125      1.115
    15.137      1.113
    15.150      1.111
    15.162      1.109
    15.175      1.107
    15.188      1.105
    15.200      1.103
    15.213      1.101
    15.225      1.099
    15.238      1.097
    15.250      1.095
    15.262      1.093
    15.275      1.091
    15.287      1.088
    15.300      1.085
    15.312      1.083
    15.325      1.081
    15.338      1.078
    15.350      1.075
    15.363      1.073
    15.375      1.070
    15.387      1.068
    15.400      1.065
    15.412      1.063
    15.425      1.060
    15.438      1.058
    15.450      1.057
    15.463      1.056
    15.475      1.055
    15.488      1.054
    15.500      1.053
    15.512      1.052
    15.525      1.052
    15.537      1.051
    15.550      1.050
    15.562      1.049
    15.575      1.048
    15.588      1.047
    15.600      1.046
    15.613      1.045
    15.625      1.044
    15.637      1.043
    15.650      1.042
    15.662      1.042
    15.675      1.041
    15.688      1.040
    15.700      1.039
    15.713      1.038
    15.725      1.037
    15.738      1.036
    15.750      1.035
    15.762      1.034
    15.775      1.032
    15.787      1.030
    15.800      1.028
    15.812      1.026
    15.825      1.024
    15.838      1.022
    15.850      1.020
    15.863      1.018
    15.875      1.016
    15.887      1.014
    15.900      1.012
    15.912      1.010
    15.925      1.008
    15.938      1.006
    15.950      1.004
    15.963      1.002
    15.975      1.000
    15.988      0.998
    16.000      0.996
    16.012      0.994
    16.025      0.992
    16.038      0.990
    16.050      0.988
    16.062      0.987
    16.075      0.987
    16.087      0.987
    16.100      0.987
    16.113      0.986
    16.125      0.986
    16.137      0.986
    16.150      0.986
    16.163      0.986
    16.175      0.985
    16.188      0.985
    16.200      0.985
    16.212      0.985
    16.225      0.984
    16.238      0.984
    16.250      0.984
    16.262      0.984
    16.275      0.983
    16.288      0.983
    16.300      0.983
    16.312      0.986
    16.325      0.989
    16.337      0.992
    16.350      0.995
    16.363      0.997
    16.375      1.000
    16.387      1.003
    16.400      1.006
    16.413      1.009
    16.425      1.012
    16.438      1.015
    16.450      1.018
    16.462      1.020
    16.475      1.024
    16.488      1.028
    16.500      1.031
    16.512      1.035
    16.525      1.038
    16.538      1.042
    16.550      1.046
    16.562      1.050
    16.575      1.053
    16.587      1.059
    16.600      1.059
    16.613      1.059
    16.625      1.058
    16.637      1.058
    16.650      1.058
    16.663      1.059
    16.675      1.060
    16.688      1.062
    16.700      1.063
    16.712      1.065
    16.725      1.066
    16.738      1.067
    16.750      1.069
    16.762      1.070
    16.775      1.071
    16.788      1.073
    16.800      1.074
    16.812      1.075
    16.825      1.077
    16.837      1.079
    16.850      1.080
    16.863      1.082
    16.875      1.084
    16.887      1.086
    16.900      1.088
    16.913      1.090
    16.925      1.092
    16.938      1.094
    16.950      1.096
    16.962      1.098
    16.975      1.100
    16.988      1.102
    17.000      1.103
    17.012      1.105
    17.025      1.107
    17.038      1.109
    17.050      1.107
    17.062      1.106
    17.075      1.104
    17.087      1.102
    17.100      1.100
    17.113      1.098
    17.125      1.096
    17.137      1.094
    17.150      1.093
    17.163      1.091
    17.175      1.089
    17.188      1.087
    17.200      1.085
    17.212      1.083
    17.225      1.081
    17.238      1.079
    17.250      1.077
    17.262      1.076
    17.275      1.074
    17.288      1.072
    17.300      1.062
    17.312      1.058
    17.325      1.054
    17.337      1.050
    17.350      1.046
    17.363      1.041
    17.375      1.037
    17.387      1.033
    17.400      1.028
    17.413      1.024
    17.425      1.020
    17.438      1.016
    17.450      1.012
    17.462      1.008
    17.475      1.004
    17.488      1.000
    17.500      0.996
    17.512      0.992
    17.525      0.988
    17.538      0.984
    17.550      0.980
    17.562      0.976
    17.575      0.972
    17.587      0.968
    17.600      0.965
    17.613      0.961
    17.625      0.957
    17.637      0.953
    17.650      0.949
    17.663      0.945
    17.675      0.941
    17.688      0.939
    17.700      0.936
    17.712      0.934
    17.725      0.931
    17.738      0.929
    17.750      0.927
    17.762      0.924
    17.775      0.922
    17.788      0.920
    17.800      0.917
    17.812      0.915
    17.825      0.913
    17.837      0.912
    17.850      0.911
    17.863      0.910
    17.875      0.910
    17.887      0.909
    17.900      0.908
    17.913      0.905
    17.925      0.902
    17.938      0.899
    17.950      0.896
    17.962      0.894
    17.975      0.891
    17.988      0.888
    18.000      0.885
    18.012      0.882
    18.025      0.879
    18.038      0.876
    18.050      0.874
    18.062      0.871
    18.075      0.869
    18.087      0.867
    18.100      0.866
    18.113      0.864
    18.125      0.862
    18.137      0.861
    18.150      0.859
    18.163      0.858
    18.175      0.856
    18.188      0.854
    18.200      0.853
    18.212      0.851
    18.225      0.849
    18.238      0.848
    18.250      0.846
    18.262      0.844
    18.275      0.843
    18.288      0.841
    18.300      0.840
    18.312      0.838
    18.325      0.837
    18.337      0.837
    18.350      0.837
    18.363      0.836
    18.375      0.836
    18.387      0.835
    18.400      0.835
    18.413      0.834
    18.425      0.834
    18.438      0.834
    18.450      0.833
    18.462      0.833
    18.475      0.832
    18.488      0.832
    18.500      0.832
    18.512      0.831
    18.525      0.831
    18.538      0.830
    18.550      0.830
    18.562      0.829
    18.575      0.829
    18.587      0.829
    18.600      0.829
    18.613      0.829
    18.625      0.829
    18.637      0.829
    18.650      0.829
    18.663      0.830
    18.675      0.830
    18.688      0.830
    18.700      0.830
    18.712      0.830
    18.725      0.831
    18.738      0.831
    18.750      0.831
    18.762      0.831
    18.775      0.831
    18.788      0.832
    18.800      0.832
    18.812      0.832
    18.825      0.832
    18.837      0.832
    18.850      0.832
    18.863      0.833
    18.875      0.833
    18.887      0.833
    18.900      0.833
    18.913      0.834
    18.925      0.834
    18.938      0.835
    18.950      0.836
    18.962      0.836
    18.975      0.837
    18.988      0.838
    19.000      0.838
    19.012      0.839
    19.025      0.840
    19.038      0.840
    19.050      0.841
    19.062      0.842
    19.075      0.842
    19.087      0.843
    19.100      0.843
    19.113      0.844
    19.125      0.845
    19.137      0.845
    19.150      0.846
    19.163      0.847
    19.175      0.847
    19.188      0.849
    19.200      0.851
    19.212      0.853
    19.225      0.855
    19.238      0.857
    19.250      0.860
    19.262      0.862
    19.275      0.864
    19.288      0.866
    19.300      0.868
    19.312      0.870
    19.325      0.872
    19.337      0.874
    19.350      0.876
    19.363      0.878
    19.375      0.880
    19.387      0.881
    19.400      0.882
    19.413      0.883
    19.425      0.884
    19.438      0.885
    19.450      0.886
    19.462      0.886
    19.475      0.887
    19.488      0.888
    19.500      0.889
    19.512      0.890
    19.525      0.891
    19.538      0.892
    19.550      0.893
    19.562      0.894
    19.575      0.895
    19.587      0.896
    19.600      0.897
    19.613      0.898
    19.625      0.899
    19.637      0.900
    19.650      0.902
    19.663      0.903
    19.675      0.905
    19.688      0.906
    19.700      0.908
    19.712      0.909
    19.725      0.911
    19.738      0.912
    19.750      0.914
    19.762      0.915
    19.775      0.916
    19.788      0.918
    19.800      0.919
    19.812      0.921
    19.825      0.922
    19.837      0.924
    19.850      0.925
    19.863      0.927
    19.875      0.928
    19.887      0.930
    19.900      0.931
    19.913      0.933
    19.925      0.934
    19.938      0.935
    19.950      0.936
    19.962      0.938
    19.975      0.939
    19.988      0.940
    20.000      0.941
