    10.000      0.989
    10.012      0.988
    10.025      0.988
    10.037      0.988
    10.050      0.987
    10.062      0.987
    10.075      0.987
    10.088      0.986
    10.100      0.986
    10.113      0.986
    10.125      0.985
    10.137      0.985
    10.150      0.985
    10.162      0.984
    10.175      0.984
    10.188      0.984
    10.200      0.984
    10.213      0.983
    10.225      0.983
    10.238      0.983
    10.250      0.982
    10.262      0.982
    10.275      0.982
    10.287      0.981
    10.300      0.981
    10.312      0.981
    10.325      0.981
    10.338      0.981
    10.350      0.981
    10.363      0.981
    10.375      0.981
    10.387      0.981
    10.400      0.981
    10.412      0.981
    10.425      0.981
    10.438      0.981
    10.450      0.981
    10.463      0.981
    10.475      0.981
    10.488      0.981
    10.500      0.981
    10.512      0.981
    10.525      0.981
    10.537      0.982
    10.550      0.982
    10.562      0.983
    10.575      0.983
    10.588      0.984
    10.600      0.984
    10.613      0.985
    10.625      0.985
    10.637      0.986
    10.650      0.986
    10.662      0.987
    10.675      0.987
    10.688      0.988
    10.700      0.988
    10.713      0.988
    10.725      0.988
    10.738      0.988
    10.750      0.988
    10.762      0.988
    10.775      0.988
    10.787      0.988
    10.800      0.988
    10.812      0.989
    10.825      0.989
    10.838      0.989
    10.850      0.989
    10.863      0.989
    10.875      0.989
    10.887      0.989
    10.900      0.989
    10.912      0.989
    10.925      0.990
    10.938      0.991
    10.950      0.993
    10.963      0.995
    10.975      0.997
    10.988      0.999
    11.000      1.001
    11.012      1.003
    11.025      1.005
    11.037      1.007
    11.050      1.009
    11.062      1.011
    11.075      1.012
    11.088      1.014
    11.100      1.016
    11.113      1.018
    11.125      1.020
    11.137      1.020
    11.150      1.020
    11.162      1.020
    11.175      1.020
    11.188      1.020
    11.200      1.020
    11.213      1.020
    11.225      1.020
    11.238      1.020
    11.250      1.020
    11.262      1.020
    11.275      1.020
    11.287      1.020
    11.300      1.020
    11.312      1.020
    11.325      1.020
    11.338      1.020
    11.350      1.020
    11.363      1.020
    11.375      1.020
    11.387      1.020
    11.400      1.020
    11.412      1.020
    11.425      1.020
    11.438      1.021
    11.450      1.021
    11.463      1.021
    11.475      1.021
    11.488      1.021
    11.500      1.021
    11.512      1.021
    11.525      1.022
    11.537      1.022
    11.550      1.022
    11.562      1.022
    11.575      1.022
    11.588      1.022
    11.600      1.022
    11.613      1.022
    11.625      1.021
    11.637      1.020
    11.650      1.019
    11.662      1.018
    11.675      1.017
    11.688      1.016
    11.700      1.014
    11.713      1.013
    11.725      1.012
    11.738      1.011
    11.750      1.010
    11.762      1.009
    11.775      1.007
    11.787      1.006
    11.800      1.004
    11.812      1.003
    11.825      1.002
    11.838      1.000
    11.850      0.999
    11.863      0.998
    11.875      0.996
    11.887      0.995
    11.900      0.994
    11.912      0.992
    11.925      0.991
    11.938      0.990
    11.950      0.989
    11.963      0.989
    11.975      0.988
    11.988      0.988
    12.000      0.987
    12.012      0.986
    12.025      0.986
    12.037      0.985
    12.050      0.985
    12.062      0.984
    12.075      0.984
    12.088      0.983
    12.100      0.983
    12.113      0.982
    12.125      0.982
    12.137      0.981
    12.150      0.981
    12.162      0.981
    12.175      0.981
    12.188      0.981
    12.200      0.981
    12.213      0.981
    12.225      0.981
    12.238      0.981
    12.250      0.981
    12.262      0.981
    12.275      0.981
    12.287      0.980
    12.300      0.980
    12.312      0.980
    12.325      0.980
    12.338      0.980
    12.350      0.980
    12.363      0.980
    12.375      0.980
    12.387      0.980
    12.400      0.980
    12.412      0.980
    12.425      0.980
    12.438      0.980
    12.450      0.980
    12.463      0.979
    12.475      0.979
    12.488      0.979
    12.500      0.979
    12.512      0.979
    12.525      0.979
    12.537      0.979
    12.550      0.979
    12.562      0.979
    12.575      0.979
    12.588      0.979
    12.600      0.979
    12.613      0.979
    12.625      0.979
    12.637      0.979
    12.650      0.979
    12.662      0.979
    12.675      0.979
    12.688      0.979
    12.700      0.979
    12.713      0.979
    12.725      0.979
    12.738      0.979
    12.750      0.979
    12.762      0.981
    12.775      0.982
    12.787      0.983
    12.800      0.984
    12.812      0.985
    12.825      0.987
    12.838      0.988
    12.850      0.989
    12.863      0.990
    12.875      0.991
    12.887      0.993
    12.900      0.994
    12.912      0.995
    12.925      0.996
    12.938      0.997
    12.950      0.999
    12.963      1.000
    12.975      1.001
    12.988      1.003
    13.000      1.005
    13.012      1.006
    13.025      1.008
    13.037      1.010
    13.050      1.012
    13.062      1.013
    13.075      1.015
    13.088      1.016
    13.100      1.018
    13.113      1.015
    13.125      1.012
    13.137      1.009
    13.150      1.006
    13.162      1.003
    13.175      1.000
    13.188      0.998
    13.200      0.995
    13.213      0.992
    13.225      0.990
    13.238      0.988
    13.250      0.987
    13.262      0.985
    13.275      0.983
    13.287      0.982
    13.300      0.980
    13.312      0.979
    13.325      0.977
    13.338      0.975
    13.350      0.974
    13.363      0.972
    13.375      0.970
    13.387      0.969
    13.400      0.967
    13.412      0.967
    13.425      0.968
    13.438      0.968
    13.450      0.968
    13.463      0.968
    13.475      0.968
    13.488      0.969
    13.500      0.969
    13.512      0.969
    13.525      0.969
    13.537      0.970
    13.550      0.970
    13.562      0.970
    13.575      0.970
    13.588      0.971
    13.600      0.971
    13.613      0.971
    13.625      0.971
    13.637      0.971
    13.650      0.970
    13.662      0.970
    13.675      0.970
    13.688      0.969
    13.700      0.969
    13.713      0.969
    13.725      0.968
    13.738      0.968
    13.750      0.968
    13.762      0.967
    13.775      0.967
    13.787      0.965
    13.800      0.964
    13.812      0.962
    13.825      0.961
    13.838      0.959
    13.850      0.958
    13.863      0.956
    13.875      0.954
    13.887      0.953
    13.900      0.951
    13.912      0.950
    13.925      0.948
    13.938      0.947
    13.950      0.947
    13.963      0.947
    13.975      0.946
    13.988      0.946
    14.000      0.946
    14.012      0.945
    14.025      0.945
    14.037      0.945
    14.050      0.945
    14.062      0.944
    14.075      0.944
    14.088      0.944
    14.100      0.944
    14.113      0.943
    14.125      0.943
    14.137      0.943
    14.150      0.942
    14.162      0.943
    14.175      0.943
    14.188      0.943
    14.200      0.944
    14.213      0.944
    14.225      0.944
    14.238      0.944
    14.250      0.945
    14.262      0.945
    14.275      0.945
    14.287      0.945
    14.300      0.946
    14.312      0.946
    14.325      0.946
    14.338      0.947
    14.350      0.945
    14.363      0.944
    14.375      0.943
    14.387      0.942
    14.400      0.940
    14.412      0.939
    14.425      0.938
    14.438      0.936
    14.450      0.935
    14.463      0.934
    14.475      0.933
    14.488      0.931
    14.500      0.930
    14.512      0.929
    14.525      0.928
    14.537      0.926
    14.550      0.925
    14.562      0.924
    14.575      0.923
    14.588      0.923
    14.600      0.923
    14.613      0.922
    14.625      0.922
    14.637      0.921
    14.650      0.921
    14.662      0.920
    14.675      0.920
    14.688      0.919
    14.700      0.919
    14.713      0.919
    14.725      0.918
    14.738      0.918
    14.750      0.917
    14.762      0.917
    14.775      0.916
    14.787      0.916
    14.800      0.915
    14.812      0.915
    14.825      0.915
    14.838      0.914
    14.850      0.914
    14.863      0.913
    14.875      0.912
    14.887      0.912
    14.900      0.911
    14.912      0.910
    14.925      0.910
    14.938      0.909
    14.950      0.908
    14.963      0.908
    14.975      0.907
    14.988      0.906
    15.000      0.905
    15.012      0.905
    15.025      0.904
    15.037      0.903
    15.050      0.903
    15.062      0.902
    15.075      0.901
    15.088      0.901
    15.100      0.900
    15.113      0.900
    15.125      0.899
    15.137      0.898
    15.150      0.898
    15.162      0.897
    15.175      0.897
    15.188      0.896
    15.200      0.896
    15.213      0.895
    15.225      0.894
    15.238      0.894
    15.250      0.893
    15.262      0.893
    15.275      0.892
    15.287      0.891
    15.300      0.891
    15.312      0.890
    15.325      0.890
    15.338      0.889
    15.350      0.888
    15.363      0.888
    15.375      0.887
    15.387      0.887
    15.400      0.886
    15.412      0.886
    15.425      0.885
    15.438      0.885
    15.450      0.885
    15.463      0.884
    15.475      0.883
    15.488      0.882
    15.500      0.881
    15.512      0.880
    15.525      0.879
    15.537      0.878
    15.550      0.877
    15.562      0.876
    15.575      0.875
    15.588      0.874
    15.600      0.873
    15.613      0.872
    15.625      0.871
    15.637      0.870
    15.650      0.869
    15.662      0.868
    15.675      0.867
    15.688      0.866
    15.700      0.865
    15.713      0.865
    15.725      0.864
    15.738      0.863
    15.750      0.862
    15.762      0.861
    15.775      0.859
    15.787      0.858
    15.800      0.857
    15.812      0.856
    15.825      0.855
    15.838      0.854
    15.850      0.853
    15.863      0.852
    15.875      0.851
    15.887      0.850
    15.900      0.851
    15.912      0.852
    15.925      0.854
    15.938      0.855
    15.950      0.856
    15.963      0.857
    15.975      0.858
    15.988      0.859
    16.000      0.860
    16.012      0.861
    16.025      0.863
    16.038      0.863
    16.050      0.863
    16.062      0.863
    16.075      0.863
    16.087      0.863
    16.100      0.863
    16.113      0.863
    16.125      0.863
    16.137      0.863
    16.150      0.863
    16.163      0.864
    16.175      0.864
    16.188      0.864
    16.200      0.864
    16.212      0.864
    16.225      0.864
    16.238      0.864
    16.250      0.864
    16.262      0.865
    16.275      0.864
    16.288      0.862
    16.300      0.861
    16.312      0.860
    16.325      0.859
    16.337      0.858
    16.350      0.857
    16.363      0.856
    16.375      0.855
    16.387      0.854
    16.400      0.853
    16.413      0.852
    16.425      0.851
    16.438      0.850
    16.450      0.849
    16.462      0.847
    16.475      0.846
    16.488      0.845
    16.500      0.844
    16.512      0.843
    16.525      0.842
    16.538      0.840
    16.550      0.838
    16.562      0.837
    16.575      0.836
    16.587      0.835
    16.600      0.833
    16.613      0.832
    16.625      0.831
    16.637      0.830
    16.650      0.829
    16.663      0.828
    16.675      0.827
    16.688      0.825
    16.700      0.824
    16.712      0.823
    16.725      0.822
    16.738      0.821
    16.750      0.820
    16.762      0.819
    16.775      0.817
    16.788      0.817
    16.800      0.816
    16.812      0.816
    16.825      0.815
    16.837      0.814
    16.850      0.814
    16.863      0.813
    16.875      0.812
    16.887      0.812
    16.900      0.811
    16.913      0.810
    16.925      0.810
    16.938      0.809
    16.950      0.808
    16.962      0.808
    16.975      0.807
    16.988      0.806
    17.000      0.806
    17.012      0.805
    17.025      0.805
    17.038      0.805
    17.050      0.805
    17.062      0.805
    17.075      0.805
    17.087      0.805
    17.100      0.805
    17.113      0.805
    17.125      0.805
    17.137      0.804
    17.150      0.804
    17.163      0.804
    17.175      0.804
    17.188      0.804
    17.200      0.803
    17.212      0.803
    17.225      0.803
    17.238      0.802
    17.250      0.801
    17.262      0.800
    17.275      0.799
    17.288      0.798
    17.300      0.797
    17.312      0.796
    17.325      0.795
    17.337      0.794
    17.350      0.793
    17.363      0.793
    17.375      0.792
    17.387      0.791
    17.400      0.790
    17.413      0.789
    17.425      0.788
    17.438      0.788
    17.450      0.788
    17.462      0.788
    17.475      0.787
    17.488      0.787
    17.500      0.787
    17.512      0.786
    17.525      0.786
    17.538      0.786
    17.550      0.785
    17.562      0.785
    17.575      0.785
    17.587      0.785
    17.600      0.783
    17.613      0.781
    17.625      0.780
    17.637      0.778
    17.650      0.776
    17.663      0.775
    17.675      0.773
    17.688      0.771
    17.700      0.770
    17.712      0.768
    17.725      0.766
    17.738      0.764
    17.750      0.763
    17.762      0.761
    17.775      0.759
    17.788      0.758
    17.800      0.756
    17.812      0.754
    17.825      0.753
    17.837      0.751
    17.850      0.750
    17.863      0.748
    17.875      0.746
    17.887      0.744
    17.900      0.741
    17.913      0.739
    17.925      0.737
    17.938      0.735
    17.950      0.733
    17.962      0.731
    17.975      0.728
    17.988      0.726
    18.000      0.724
    18.012      0.722
    18.025      0.720
    18.038      0.718
    18.050      0.716
    18.062      0.713
    18.075      0.711
    18.087      0.709
    18.100      0.707
    18.113      0.705
    18.125      0.704
    18.137      0.702
    18.150      0.701
    18.163      0.700
    18.175      0.699
    18.188      0.697
    18.200      0.696
    18.212      0.695
    18.225      0.694
    18.238      0.692
    18.250      0.691
    18.262      0.690
    18.275      0.689
    18.288      0.687
    18.300      0.686
    18.312      0.685
    18.325      0.683
    18.337      0.682
    18.350      0.681
    18.363      0.680
    18.375      0.679
    18.387      0.677
    18.400      0.676
    18.413      0.676
    18.425      0.675
    18.438      0.675
    18.450      0.675
    18.462      0.675
    18.475      0.674
    18.488      0.674
    18.500      0.674
    18.512      0.674
    18.525      0.673
    18.538      0.673
    18.550      0.673
    18.562      0.673
    18.575      0.672
    18.587      0.672
    18.600      0.672
    18.613      0.671
    18.625      0.671
    18.637      0.671
    18.650      0.671
    18.663      0.670
    18.675      0.670
    18.688      0.670
    18.700      0.670
    18.712      0.671
    18.725      0.671
    18.738      0.671
    18.750      0.672
    18.762      0.672
    18.775      0.673
    18.788      0.673
    18.800      0.673
    18.812      0.674
    18.825      0.674
    18.837      0.675
    18.850      0.675
    18.863      0.675
    18.875      0.676
    18.887      0.676
    18.900      0.677
    18.913      0.677
    18.925      0.677
    18.938      0.678
    18.950      0.678
    18.962      0.679
    18.975      0.679
    18.988      0.679
    19.000      0.680
    19.012      0.680
    19.025      0.681
    19.038      0.681
    19.050      0.681
    19.062      0.682
    19.075      0.682
    19.087      0.683
    19.100      0.683
    19.113      0.683
    19.125      0.684
    19.137      0.684
    19.150      0.685
    19.163      0.685
    19.175      0.685
    19.188      0.686
    19.200      0.686
    19.212      0.687
    19.225      0.687
    19.238      0.688
    19.250      0.688
    19.262      0.688
    19.275      0.689
    19.288      0.690
    19.300      0.690
    19.312      0.691
    19.325      0.691
    19.337      0.691
    19.350      0.691
    19.363      0.692
    19.375      0.692
    19.387      0.692
    19.400      0.692
    19.413      0.693
    19.425      0.693
    19.438      0.693
    19.450      0.693
    19.462      0.694
    19.475      0.694
    19.488      0.694
    19.500      0.694
    19.512      0.694
    19.525      0.695
    19.538      0.695
    19.550      0.695
    19.562      0.695
    19.575      0.696
    19.587      0.696
    19.600      0.696
    19.613      0.696
    19.625      0.697
    19.637      0.696
    19.650      0.696
    19.663      0.696
    19.675      0.696
    19.688      0.696
    19.700      0.696
    19.712      0.696
    19.725      0.696
    19.738      0.695
    19.750      0.695
    19.762      0.695
    19.775      0.695
    19.788      0.695
    19.800      0.695
    19.812      0.695
    19.825      0.694
    19.837      0.694
    19.850      0.694
    19.863      0.694
    19.875      0.694
    19.887      0.694
    19.900      0.694
    19.913      0.694
    19.925      0.693
    19.938      0.693
    19.950      0.693
    19.962      0.693
    19.975      0.693
    19.988      0.693
    20.000      0.693
